1.688876217901767122e-03 -2.150443904111464521e-01 -2.800588365006312919e-01
6.987132241993590596e-04 -1.338133399789042666e-01 -3.072187073207052199e-01
1.799043413216352798e-04 -4.465301744307723780e-02 -3.371123445627343118e-01
2.180879203966447778e-04 3.640335821179485620e-02 -3.643466396076281422e-01
8.209079551023886227e-04 1.255642567145824340e-01 -3.943473713002585979e-01
1.878706287541648864e-03 2.066169757894834313e-01 -4.216415607579823699e-01
3.602962274188757988e-03 2.957709107142230121e-01 -4.516674880737377995e-01
5.914428091116003851e-03 3.849178796401467317e-01 -4.816737900150772078e-01
8.242207510444824956e-03 4.578485086342065635e-01 -5.061936871737030552e-01
1.162082876371630866e-02 5.469795648264216270e-01 -5.361073581295259238e-01
1.520117084627664247e-02 6.279948081274732141e-01 -5.632295044636284054e-01
1.969919506367334011e-02 7.171002576039001708e-01 -5.929654042816681070e-01
2.429653630634021413e-02 7.980889239102136878e-01 -6.198887826961274605e-01
2.937775056841202340e-02 8.790640209920395076e-01 -6.466918998293088583e-01
3.552557029738229871e-02 9.681194768447701771e-01 -6.760164877106398240e-01
4.162143353128355816e-02 1.049056944819499959e+00 -7.025109960961448685e-01
4.819998874681869633e-02 1.129976741393966755e+00 -7.288334701513394798e-01
5.599340308012374506e-02 1.218966562733237335e+00 -7.575696624948242697e-01
6.280270438990966098e-02 1.291750151910031619e+00 -7.808932176290946936e-01
7.165524847563962962e-02 1.380691514427825117e+00 -8.091571587206389804e-01
8.020683795932145865e-02 1.461513961851323318e+00 -8.345972844468755314e-01
9.016836624071164485e-02 1.550393170803082699e+00 -8.622856938783720615e-01
9.874907634834040326e-02 1.623079176597234330e+00 -8.846905901065912348e-01
1.091484709535825437e-01 1.707052115232882583e+00 -9.102909917511939897e-01
1.192058833654965622e-01 1.784529597946588719e+00 -9.336260912334495288e-01
1.301503783031494887e-01 1.865207098398050434e+00 -9.576187509850272450e-01
1.415710486964842363e-01 1.945849339931185140e+00 -9.812727039989571631e-01
